sat1_col
0.6996861
1.3480511
1.229891
1.4603758
2.2335534
1.0529801
1.2745792
0.9535085
1.0214237
1.294369
1.3198771
1.2686327
1.3606702
1.4062601
1.2245407
1.2960613
0.80808175
0.88338315
1.8436862
0.90766335
1.7126034
1.7649083
1.1051043
1.466387
1.3787109
1.03106
1.6798788
1.0530039
1.057375
1.6409925
1.6755868
1.2295476
0.900213
1.2491748
0.94932294
0.8059982
1.0929369
1.1167597
0.9527389
1.4707191
1.5067927
1.7292638
0.95860744
1.1595277
0.7905698
1.6590096
1.1996547
1.7467313
1.0797095
2.2254095
0.90895605
0.8008121
1.7332523
1.199118
0.9234799
1.2250352
0.869565
1.2934742
0.9918494
0.97078013
1.1599766
0.7448772
0.7940339
1.1302772
1.5298073
1.8442672
1.5227181
1.1361244
1.3721906
1.5185966
1.4662181
1.421149
1.2035406
0.6996861
0.80356276
1.7590106
1.3935475
1.634398
0.9535928
1.6554136
1.86789
1.4825531
1.0111382
1.1656102
1.2715763
1.2437257
0.8009095
1.345421
0.6996861
0.89540267
1.0872837
2.102593
1.0219462
1.6358485
1.2618495
1.5872949
1.4803699
1.5122764
1.2958976
1.4454161
0.6996861
1.4053603
1.3838817
1.2340208
1.272439
1.2647694
1.4172825
1.4419984
1.9919744
0.98768187
1.0772978
1.2474054
1.5581304
0.86016834
1.2702276
0.77629507
1.5604271
0.6996861
0.7733985
1.9252334
1.6220827
0.75310755
2.270428
0.9795598
1.1216501
1.0906789
1.0800457
0.9780617
1.3336717
0.949561
1.2789717
0.8593124
0.84860027
0.9919522
0.99125826
1.2621939
0.7488713
1.6452751
1.5071949
1.4507608
0.8444562
1.1245638
1.7535611
1.275965
1.1183766
1.1587238
1.7268621
1.7979134
1.4276878
1.6678759
2.2277703
1.1279523
1.750604
2.391847
1.6099905
1.0422226
1.451591
1.0879681
1.4854269
1.2258863
0.92322576
1.1320264
1.0061606
1.1104506
1.5082167
1.7896975
0.95285404
1.4608594
1.0740116
1.5095333
0.96606183
1.5428869
0.91392577
1.353556
1.3099878
1.4365426
1.1683813
1.3836333
1.5774513
1.1697075
0.94081545
1.0952637
0.6996861
1.6672173
1.0297259
1.4227867
1.1672355
1.1093668
1.1401098
1.2438695
1.4639045
0.98382413
1.843933
1.0174044
1.6687328
0.7850634
1.2621645
1.6309308
1.7978351
1.1302621
1.6789303
1.582132
1.3286451
1.2775908
1.0372044
0.7460718
1.3029529
0.8622705
2.2593148
1.360937
1.5795739
1.0173521
0.8879913
1.4668822
1.2135564
1.602625
1.1549011
1.3004879
1.4269775
1.367957
0.7612355
0.97971034
1.3941994
1.6729606
2.0595012
1.1415619
1.4207948
1.2726481
1.4671636
1.3441423
0.95787084
1.4422109
1.2028619
1.5481622
1.0434481
1.6676866
1.3611666
1.2351516
1.4358671
0.9248289
1.1814722
1.1368768
1.1988289
1.320897
1.2925522
1.3147341
1.6651117
1.2948529
0.8688116
0.9531604
1.2222396
1.717517
1.7689842
0.8964145
2.200017
0.87876797
1.0990154
1.4725221
0.95095086
1.5050192
1.4656817
1.8369262
1.2472417
1.4153751
1.6410737
0.9971715
0.7147012
1.24651
0.93259025
1.7439449
2.3104978
1.1675997
1.225017
1.5587753
0.75004613
1.5778352
1.1169657
1.2857381
1.1268005
1.9746457
1.2199007
1.6385126
1.6125243
1.7581171
1.0570372
0.8519659
1.3222622
1.9653991
0.6996861
1.0229795
1.4810902
1.0009772
1.697066
1.2866188
1.401942
0.73297936
2.1153805
1.2696673
0.96262074
1.1480703
1.8875192
0.7806841
0.8653128
1.4395832
1.0152897
1.4045011
1.3494735
0.7554318
1.8081915
1.2305636
1.6279455
1.0167377
0.86960375
0.7528137
1.4122591
1.2854345
1.4168345
0.892264
0.73105824
1.5662547
1.5651373
1.2059468
0.8773831
1.584171
1.1299425
1.7796544
1.7559658
0.76741946
1.2453341
2.758429
0.9529691
1.0099473
1.8906634
0.8844683
1.5296727
0.81498504
0.8550892
1.4619888
1.3694217
1.5855702
1.826378
2.2162325
1.1611396
1.8714867
1.3216839
0.9354547
1.0525168
1.7966231
1.3792361
1.4096124
1.3918294
0.93119085
1.5607462
1.1021429
1.3681813
1.6113822
1.4160607
1.8994607
1.5724719
1.0443519
1.8424267
2.0421634
1.5152618
1.2061968
1.1461585
1.4521242
1.2201608
1.1491653
1.4540975
1.2024393
0.9084742
1.2196443
0.92430985
1.3682747
0.8125788
1.3025059
0.87607217
0.8834392
1.3512594
1.5053356
1.9989953
1.2456725
1.5577686
1.8513805
1.8731612
1.4865775
1.3959625
2.3832982
1.2018654
0.9343574
0.96916044
1.5011476
1.6861458
1.2001829
1.9100574
1.6405882
1.1551886
0.9225174
1.9153687
1.0262723
1.2522037
0.80896866
1.7368056
1.3297024
0.92464066
1.1885173
0.815956
1.6556621
1.1934443
0.9586469
1.1781497
1.3639573
1.3293338
0.7468883
1.0731959
0.9066416
1.3706812
1.1913013
1.2740909
0.88708377
1.5126896
1.5882257
1.2393684
1.213051
1.614045
0.6996861
1.6038538
1.1334481
1.1320673
1.7936904
0.9331963
0.81693375
1.3975378
1.1227992
1.0280039
2.5147142
0.8995873
0.8592944
1.0163919
1.1836302
1.0888005
0.91061974
1.8809657
1.2831905
0.9065678
0.9976336
1.4620731
1.0380781
1.8109764
1.6762424
1.7577698
1.2721539
0.90229785
1.282431
0.8727944
1.1007402
1.1405749
1.3053938
0.74946225
1.5183102
1.3250074
1.3179876
1.2802049
1.2866346
0.8956511
0.7547064
0.723485
1.05009
1.3516059
0.94351745
1.1980978
1.0397979
1.5749943
1.2696447
2.0826452
1.4974818
1.3043228
0.8806207
0.6996861
0.8451179
1.3668318
1.4421703
0.87840736
0.9352467
1.496117
1.2197475
1.8779159
1.1424869
1.0198951
1.9718827
1.2066516
1.0258447
1.7028424
1.6451102
1.0508794
1.4913286
0.8336823
1.1812252
0.9673978
1.4524523
1.119065
1.0584246
1.1924886
0.8355497
1.4419245
0.6996861
2.270017
1.1863587
2.0273647
1.3928024
1.750597
1.7102684
1.8169764
1.7346693
0.799243
1.4267546
0.8873311
1.346402
1.479623
1.2412475
1.2641367
1.2981399
1.4210166
1.2470943
0.7941979
1.8818555
1.1658475
1.049531
1.2113942
0.9714036
2.121405
1.5993989
1.0624619
1.1785223
1.1063771
0.6996861
0.8237643
1.3441838
1.3667469
0.9488517
1.3131117
1.4628497
2.205534
0.78314686
0.85687375
1.7539121
1.2944545
0.9497136
2.1291137
1.1478202
1.3541044
1.2604176
1.2315302
0.81500864
0.9344772
1.414793
1.486234
0.921275
0.8252654
1.0956162
1.5255531
1.4234852
1.2071537
1.7468426
1.1790286
1.2632322
1.1579651
1.0074607
1.3722738
1.2221974
1.670524
1.2626053
1.1172351
1.1084392
1.8758745
1.0713137
0.7278031
1.9483838
1.1057469
1.2776549
1.5456527
1.4238398
1.9365815
1.8243566
0.8425803
1.7083648
1.0252413
1.274716
1.4865091
0.6996861
1.2771493
1.4961306
0.9550717
0.9858359
1.3287357
1.5818219
1.0691906
1.2457712
1.392064
0.8398249
2.0972526
1.3796057
0.7071767
2.4298382
1.12883
1.2070079
0.7405782
1.0648135
1.8480176
1.9031438
1.0726466
1.7629665
1.07791
1.3791131
1.7214576
1.0986787
1.6531031
0.8149977
0.87784636
1.4578953
1.2722886
1.1978669
1.5615832
1.0966171
1.4484867
2.0613723
0.7327645
1.424889
1.1721077
1.8413421
1.8329049
1.222662
1.0687562
1.0123792
1.8451227
1.6161677
0.7950622
1.6416548
1.2424203
1.2697219
1.4857779
1.1812158
1.6207559
0.6996861
2.0017877
1.1337074
1.2903756
0.9970722
0.77263796
2.1376696
1.6357903
1.4642916
1.3241692
0.94553125
1.299558
1.1699086
0.9681959
0.6996861
1.164655
1.7773638
0.6996861
1.249932
1.3259755
1.5923901
1.5558003
0.7678883
1.2702374
1.1804639
0.8514701
1.5953615
1.5422413
1.3141532
1.0027258
1.5429031
1.8194755
0.9463198
0.8655304
1.6803982
1.921817
0.9702573
1.6301196
1.4817519
1.5354093
1.3057523
1.0439805
1.5613111
0.753229
1.2524054
1.71423
1.037787
1.4069716
0.8359467
1.4611045
1.4579425
1.6102606
1.5821403
1.0343561
1.3795327
1.8480939
1.6926144
1.050467
1.2127115
0.95050347
1.0600889
1.3810564
1.3931706
1.4158508
1.701677
1.2186441
1.0453461
0.9439117
2.3990455
1.0266244
1.0509233
1.5141386
1.5398144
0.8626963
0.9156641
1.5075666
0.97218716
0.94148326
1.0340754
1.0507895
1.8177096
1.0921832
0.91919494
1.3002943
1.4426639
0.9389875
0.96402276
0.9730793
1.2306982
1.1784207
0.713554
1.2577333
1.3512739
1.1530417
1.4081945
1.1245123
2.0553644
1.6661029
1.1317167
1.3025748
1.2695944
0.9639019
1.5269619
0.6996861
1.1013353
0.6996861
1.3171169
1.2825618
1.6058435
1.2755164
0.9011799
1.7528496
1.2959951
0.8714963
1.3295381
1.2280765
1.3281467
1.4082276
1.1662005
1.4648441
2.0909755
1.7476941
1.0344319
1.0037193
1.7811499
1.3491255
1.0085089
1.0554003
0.95126677
0.9646028
1.3027855
1.8342404
0.90444005
1.2553775
1.5523043
1.4552228
1.3864464
2.0097637
0.8480408
0.82949317
1.8388114
0.95553255
1.408911
0.8221034
1.2051557
1.0781327
0.7990835
0.9981983
1.8944566
1.124286
0.96470904
2.2537086
1.2320313
0.9926672
1.3976156
1.3890492
1.2157056
1.6644596
1.2523335
1.5483488
1.767085
0.9726714
1.2367418
1.1772555
1.2516618
1.6661236
1.2167447
1.732028
1.3629735
1.0636052
1.1735146
1.342406
1.3300705
0.8771571
1.2525737
1.3604004
1.4639354
0.7582236
1.5399352
1.2207949
1.4967614
1.6201648
0.9447886
1.5850277
1.8341359
1.438291
1.1661432
1.6086465
1.3711344
1.4815739
1.7032982
0.8771715
2.128827
1.6201348
1.2806435
1.0209255
0.7788725
0.9139974
0.8995894
0.9328157
1.4818441
1.1010989
1.6927557
1.0646118
0.81243086
0.7582178
1.4669691
0.94266784
1.1239163
1.567911
1.1388072
1.4066447
0.92535436
1.2361897
1.5844352
1.3980825
1.2285769
1.1160935
1.4920641
1.0680892
1.0237249
1.897323
1.1481712
2.0062425
1.6996523
1.5680834
1.0695864
1.1587555
1.1184318
1.6338595
1.2081305
1.3047167
1.4961729
1.0644377
1.5849692
1.1993355
1.5402558
1.1986392
1.3370388
1.161295
0.8406298
1.7764736
1.3480812
1.0871133
0.8764603
1.149622
1.3321999
1.2691596
1.3886076
1.7437499
1.2185688
1.8820891
1.4874338
1.2235188
1.5935999
1.2910395
1.7868514
1.4823564
0.9483278
1.2789844
1.0656812
1.8452542
1.2396622
1.5742577
1.1329758
1.3225875
0.7414394
1.2102525
1.3782486
1.1105624
0.7783699
1.2878193
1.3786281
1.4146587
0.98641074
1.4299595
1.063882
1.9709033
1.724598
0.8006184
0.9085443
1.902228
1.090352
0.9815744
2.246891
0.8159127
1.1888449
1.6154479
1.1436317
2.0630267
1.3610859
1.0151219
0.77929246
1.503044
1.7276782
1.6001905
0.9271761
1.3631868
1.417166
1.2344433
1.4171288
0.8181014
1.7688917
1.4751924
1.4274427
1.0683225
0.9727746
0.91608477
1.2411456
1.9066831
1.6062486
0.88436174
1.1920824
0.8752743
1.2916276
1.2135295
1.5032516
0.9450083
0.9505391
2.4222832
1.1747574
1.8504735
1.3054179
1.5156168
1.4235574
0.90196466
1.2779888
1.4065303
1.3329123
1.275674
1.0949723
1.2925955
1.2284861
0.8428142
0.8457595
0.85069966
1.2184681
1.039234
1.3230021
1.0290347
1.387798
2.056965
1.310624
1.576416
1.0536025
1.8476835
1.3959976
2.1312408
1.3581945
1.9984618
1.762165
1.4297577
1.6920536
1.2654936
1.5588224
1.1254207
0.8833976
0.7885681
0.9766089
1.0697975
1.2670406
1.4959171
1.7140979
1.4402704
1.6761411
0.7499892
0.94879305
1.3816501
1.4845561
1.2946254
0.98229325
1.6815168
1.0305119
0.83974063
1.0884814
1.8421928
1.3897368
1.4969732
0.79030985
0.9487289
1.268973
1.5229717
1.0531064
0.8994969
1.6751872
1.740939
1.1256245
1.7464261
0.9717289
1.3711765
0.9304888
0.820423
0.7501378
1.0951487
1.5220999
1.4963204
1.2123026
1.1835132
0.85130787
1.3826987
1.318383
1.3177822
0.6996861
1.3882296
1.4991384
1.4742726
1.2110695
1.2442085
1.3364265
1.2925768
1.1397322
1.4871391
0.9714167
1.137623
1.2045119
1.1891594
1.1825838
1.0470027
0.9339825
1.0246954
1.5170842
1.4861025
1.1569867
1.2546897
1.0397516
1.4619277
1.2011778
1.3647305
1.832631
1.1963258
1.2520826
1.0846481
0.7842269
0.99673235
1.7318805
0.913988
1.3955661
1.3436626
1.7563044
1.1315669
1.6110694
1.4963897
1.8944421
1.8522742
1.7250681
1.4948248
1.5309576
1.5983839
1.2972738
1.8194807
0.8212663
1.3369651
1.2324442
1.49458
1.052364
1.6582739
1.6833829
1.7434841
1.3135864
1.2110528
1.437671
2.0258336
1.5972885
1.9213002
1.3562559
0.8783164
1.562113
0.94148195
1.2335355
1.2392957
1.3832049
1.2313156
0.815768
1.1161518
1.7076771
1.1025816
1.2681766
1.2448725
1.0465137
1.0028945
1.2192683
1.3130095
0.9613353
1.6385891
1.6813174
1.6100678
0.9482975
1.08429
0.7958746
0.9199718
0.8830383
1.3392364
1.5374632
1.4435006
1.1373132
1.6302065
0.758119
1.3103837
1.3064028
1.0451125
1.1569606
1.7435235
1.5694783
1.8172772
0.6996861
1.4403958
0.84161663
0.6996861
1.2199948
2.0482733
1.6848727
1.1917428
0.87905097
1.403208
1.8008705
0.95647025
1.3206767
1.3236334
0.96362174
1.0617547
1.6427563
0.9121053
1.1653237
1.1072633
1.3606939
1.3165272
1.1592886
0.9917582
2.8306425
1.5368335
1.3202945
1.1368421
1.341327
2.0998793
0.70804286
1.600876
1.7259812
1.4547724
1.5777997
0.9575695
1.3022183
1.048917
0.8718356
0.85426295
1.5270642
1.3011025
0.90897906
1.8987063
1.1083755
1.2108411
0.8342694
1.3690364
0.7368043
1.2137653
1.0519831
1.3745624
1.0576241
1.3450974
2.1513102
1.0624247
0.7430545
1.2572334
1.9134469
1.3371584
0.92014134
1.8218694
1.1631359
1.5750519
1.1149871
1.6879987
1.1904925
1.0668272
0.96324193
1.7614602
1.7440002
0.6996861
1.2569962
0.7773183
1.8867179
2.7506528
1.422386
1.3709038
1.5137324
1.163747
1.0705682
0.9538077
1.3043835
1.1645299
1.1184037
1.9283315
1.5449215
0.9201379
1.094716
1.4042481
1.5298883
1.5511026
1.4084363
1.1770756
1.7922969
1.1881586
1.1078793
1.068532
1.3593407
1.0456139
0.87401974
1.3936995
0.8879974
0.8937658
1.5315926
1.4021887
1.3004481
1.3747357
1.2328831
1.0705011
1.5388354
1.2234846
1.3754277
0.89776134
1.1248757
1.0958971
0.82644
1.0823613
1.5062226
1.6366893
1.778207
1.286903
1.752019
1.1224341
2.3914006
1.750402
1.9490713
1.109172
1.908741
1.7156417
0.8129225
1.6169578
1.2406292
1.5247965
0.83207715
1.1676166
1.8759655
1.378232
1.9070181
1.271939
0.8311192
1.0093161
1.4769139
1.4870883
1.3530594
1.26026
1.1518103
1.5694948
1.7245345
1.4444412
1.2339365
1.329461
1.3051358
1.5357134
0.7636899
1.4323856
1.5659065
1.5359917
1.4984206
1.4627837
1.0978401
1.2926886
1.0729809
1.1461964
1.1967883
0.9787694
1.5225935
1.6120703
0.8471173
1.3194528
1.6600748
1.4207736
0.81288135
1.6174604
0.89206374
1.3677167
1.9724442
1.1505203
0.9976424
1.4441239
1.5891839
0.9129199
0.79126775
1.9097413
1.2401037
1.582546
1.3867985
1.1926306
1.0572897
0.9157759
1.4123119
1.6618031
0.8607104
1.212066
1.7933328
0.6996861
1.559443
1.2396435
1.0707849
1.7920485
1.2561904
1.2150443
1.0198653
1.0223105
1.6060957
1.7438964
1.5021994
1.6679119
0.9498831
1.3149611
1.0182226
1.6988087
1.7159125
1.2290417
1.5167791
1.1188502
1.175469
1.7035272
1.0508895
1.1428851
1.3660406
1.4239147
0.8753464
1.8004965
1.5625023
1.4830185
1.4412693
1.763447
1.3513783
1.2536763
1.0748137
2.0865161
1.4005045
0.8855077
1.6536018
1.1684117
1.4815272
1.5379514
1.4858159
0.78560305
1.2913277
1.2618402
0.8359225
1.7838553
1.4627475
0.97658515
1.2594593
1.5643333
1.234966
1.8144089
0.9852439
1.4783119
1.118868
0.82143843
0.92558396
1.5407903
1.3105019
1.4971774
1.0088322
0.871359
0.7516888
1.8408059
1.4953182
1.4358736
1.5394201
1.8330274
1.6237811
1.1579323
1.1052682
0.91305256
1.6377097
1.1482852
1.2917671
0.95443416
1.191479
1.8868774
1.1624515
1.2725314
1.2112938
0.9397869
0.7859502
0.858032
0.94997954
1.4192023
1.1406168
1.7144655
1.504233
1.6961875
0.9247868
1.0164361
1.6604569
1.4573346
1.022877
1.2079916
0.9366193
1.5321622
1.3179727
1.3574971
1.6342531
1.1991738
0.96918654
0.8733318
1.6408962
1.0372137
1.5384171
2.0412216
1.1807643
0.7937397
1.0126328
1.5867572
1.0427457
1.2347695
1.2516187
1.4029242
0.925385
0.6996861
0.7933419
1.6111063
1.2818784
1.4721633
1.3039311
2.149746
1.3265518
0.8041464
0.85980415
1.6852177
1.2501998
1.4001956
1.8727475
0.82438374
2.0519395
1.1856527
1.6557282
1.0011458
1.0040708
1.3821425
1.0991589
1.4701062
1.5614228
1.2086794
0.93647134
1.8687643
1.7088925
0.8250773
1.3119183
1.8851708
1.2311983
0.7157043
1.1624788
1.792589
0.7863382
0.84121156
1.1858468
1.0672408
1.1970057
1.5130199
1.3833958
1.660957
1.3726292
1.1072474
1.5238411
1.2765718
1.4440976
0.7612153
1.8896745
1.8680333
1.7349234
1.3189765
1.9164735
1.0153438
0.9070184
1.2894334
1.7341374
1.4813358
1.6814462
1.465163
0.93418217
1.0799016
1.0416064
1.3364104
1.2718066
1.7076633
1.8961948
2.2777758
1.2122084
1.6503918
0.80690145
1.6712426
1.3493695
0.8333682
1.1084163
1.4675466
1.6241984
0.84320784
1.2916739
1.9914211
1.4720957
0.7996595
2.142266
1.6702851
1.6330806
1.1590358
1.3841866
1.2833635
1.5469354
0.78996325
1.3762217
1.9272186
0.8565389
1.5357399
1.4932877
0.99203074
1.637014
1.3379956
1.0108541
1.1221261
1.0819074
0.8902651
1.0910631
1.039816
1.4486083
1.3961846
0.8017392
1.2957884
1.4972812
1.5126154
1.9449059
1.1590947
1.8422978
1.0726521
1.0833308
1.0082524
1.168867
0.952489
1.6978129
1.8522705
1.4881653
0.86247945
1.9511249
1.1208544
1.5316911
1.1786705
1.8108603
2.0505648
0.72682077
1.2907406
0.8367282
1.7344297
0.9971266
0.8985151
1.3723097
0.76878893
0.8743886
1.7053713
1.4212033
1.4370848
1.0888585
1.1584834
1.0537322
0.91613877
1.775653
1.2927552
0.97133267
1.3463614
1.0789874
1.2514956
1.115565
1.7422756
1.0391705
1.6699373
1.1878299
1.3161231
1.3712226
0.90367305
2.116835
1.5884271
1.8959287
1.5533254
0.83589196
1.1853224
1.4409629
1.4418184
1.3202068
1.5686917
0.9499041
1.8781974
1.2440952
1.1754291
2.0752397
1.602949
1.8965052
1.1225759
1.1826375
1.349899
1.2174007
1.5454053
0.6996861
1.5537349
1.0106597
1.4565723
1.2675073
1.1716256
1.6122179
1.574338
0.8540813
1.1270728
0.6996861
1.580421
0.8908677
1.1534016
1.2744582
1.3871139
1.7781839
1.0636213
1.0558856
1.530386
1.221583
2.058984
1.6715163
0.9495704
0.85664463
1.4718214
1.1014194
1.277326
1.7310888
1.2439735
1.53646
1.6977957
1.9692752
0.84682417
1.188772
1.5674299
1.1442143
1.2956896
1.085845
1.1797305
1.0581552
1.554499
1.509552
1.0278305
1.3326428
1.4014498
1.1324612
1.8848073
1.1033474
1.1586053
2.0673764
1.1386982
1.6400439
1.8400093
1.4071766
1.1604177
2.0566928
1.442122
1.3043543
1.2080624
1.2526907
1.4305856
1.2712566
0.91561484
1.2971783
1.3146514
1.4964696
1.6458504
1.3625766
1.0341736
0.94378304
0.99692523
1.368011
1.219392
1.4651275
0.9345434
1.2719483
1.3494675
1.6547561
1.9905828
1.2907009
1.0660008
1.4266738
2.0123298
1.2149872
2.0163317
0.7473281
1.0579816
1.2547314
0.99980783
1.364453
1.3645754
1.3159432
1.1744857
1.2187086
1.7964368
1.2783318
2.0659485
0.91591775
1.0888695
0.6996861
1.0400517
0.7007439
1.3962764
1.7867794
0.8858532
0.8077979
1.5202901
1.1808017
1.9189259
1.0026859
1.8707868
0.6996861
2.0311213
1.0862693
1.163894
1.0487547
0.79835546
1.3682668
0.9082128
1.1020207
1.1355542
0.90362346
1.3665453
1.710853
1.446535
1.4718462
0.9007087
1.5993365
1.2406955
1.5287012
1.4500426
1.2228175
1.3063074
1.1943649
1.082184
0.7771231
1.0664235
0.9329605
1.0064814
0.76124036
1.4865086
1.1370454
1.0240386
1.4866928
1.8145827
1.2661431
1.0927601
0.9122505
1.3675882
1.0143503
1.4732361
1.4836775
1.5458475
1.4365436
0.70022154
1.5238158
1.638924
1.3992888
0.79658234
1.248469
1.4167314
1.1382102
1.4800364
1.1893852
1.3481175
0.6996861
1.2850406
1.7337936
1.4530244
1.7685504
1.7677416
1.306017
1.0911089
0.8729924
1.064476
1.6979183
1.4366653
1.0015821
1.3993186
0.76768637
0.9983387
0.9347606
1.0449055
1.1520761
1.2700642
1.5216427
1.2677913
0.7716836
1.5078038
0.97879875
0.856148
1.496325
1.7974521
0.91106784
1.7831148
1.7232966
1.0446413
2.1158507
1.554617
1.6287534
1.4421529
1.4900584
1.1140916
0.9266715
1.08496
1.0336349
1.9636966
1.0106888
1.3211287
1.7302421
1.0097066
1.1632856
1.9262538
1.6686143
2.9517705
1.1000526
1.4846665
1.3210953
1.585885
0.88407505
1.6318634
0.7696575
1.3038142
1.336361
0.7676542
1.0027543
1.4307117
1.2322791
1.4442936
1.4798256
1.5817412
1.5412359
1.1055875
1.4662403
1.1778933
1.0100356
1.8157477
0.9407643
1.6770499
0.6996861
0.91564345
1.5226239
0.8539393
1.3578224
1.0968138
0.9362961
1.04715
1.0777715
2.152698
1.4121499
1.0516686
1.234326
1.4223875
1.9152874
1.0421783
1.3858819
0.9891691
1.4880661
1.4133738
1.4835895
1.6282158
1.0152003
1.1255757
1.1403242
1.6563143
1.630842
1.1823679
1.3754337
1.7789928
2.163426
0.7437204
0.88356245
1.1229849
2.1727123
1.9686135
2.0975914
1.2436963
1.8578585
1.5752051
0.6996861
1.5200664
0.7910677
1.4748281
1.3053267
1.8852161
1.7844703
1.0966058
0.96601737
1.3160394
0.88224626
1.1341438
1.3752888
1.5299329
1.7200314
1.1884707
1.2591609
1.7346517
1.1566709
0.7864779
1.4721864
1.3282468
0.7410816
1.8233148
0.7419468
1.0640526
2.0251887
0.7986007
0.8381592
1.513894
1.1401669
1.5022825
1.3240024
1.5287703
1.9719406
1.6124886
1.4139885
1.202103
0.6996861
1.913942
1.4038268
0.84224606
1.3926853
1.4884142
1.3801588
1.3938333
1.1862392
2.8971977
1.685589
1.0174221
1.2781487
0.9839827
1.2754675
1.054513
1.0139462
1.1531914
1.7317295
1.226678
0.6996861
1.4125953
1.1058633
1.2482843
1.457194
1.0694479
1.7765851
0.991047
1.5712996
1.0728395
1.2085279
1.6505398
1.2847311
2.120792
0.8186604
1.1714909
2.0433068
0.9888679
0.7461182
1.5247257
0.9976299
1.0460668
1.3531011
1.8591298
0.6996861
1.6515883
0.99941266
0.8778471
1.1887357
1.1861348
1.9662776
1.4463999
1.4916502
1.5437745
1.6775936
1.4321696
0.6996861
1.0014075
2.3305724
1.218117
2.1399791
0.7346505
1.032805
1.4617999
0.98720384
1.3179564
1.5258683
0.8272519
1.4329827
1.3158265
1.8063903
1.1022164
0.7902757
1.798271
1.0761448
1.4515883
1.4016749
0.8991567
1.1716428
1.0108842
1.5820947
1.2109712
2.374577
1.2979951
1.1852337
1.4325436
1.045824
0.8286923
1.093259
1.0450064
0.877735
1.308272
1.9385914
1.1478153
0.97678995
1.3286943
1.1435251
1.0840427
1.7655668
1.1280226
1.1634089
1.1205401
1.1063927
1.7803947
1.0792929
1.7556205
1.2106353
0.93599856
1.2951906
1.8991249
0.9650893
1.1201
0.8183516
1.5232508
0.9659798
1.4206084
1.3854188
1.2126883
1.1609288
0.80888176
1.4285522
1.0479296
2.09842
1.2675121
1.0435828
0.94494605
1.0378119
2.0341187
1.1115804
1.6846763
1.4658958
0.914575
1.0690643
1.7492708
1.4840168
0.94801676
1.5193574
0.91892874
1.1188928
1.6396546
0.80316603
1.6894025
1.678119
1.5858378
0.9390694
1.4626219
0.74301076
0.9843128
1.0348436
1.1592664
0.9849334
1.0719483
1.2583106
1.6352745
1.4417229
0.92909825
1.1580188
1.6180205
1.0793043
0.76487863
0.99236286
0.98417187
0.8512207
0.94463134
0.99123025
0.9538655
1.6146559
0.94616187
0.9648154
2.0748823
1.5233164
1.4228641
1.3115729
0.8769642
1.1005279
0.7579078
1.2915863
1.0723699
1.0436932
1.3438655
1.274084
1.474846
1.6480231
0.87127197
1.1593565
1.3586994
1.1222434
1.8251041
1.0106891
0.8849671
1.3918176
1.8818384
1.0744954
1.3921006
1.5516638
1.1213737
1.0427599
1.0347334
2.007545
1.5525415
0.9026085
1.5167265
1.3153783
1.2710909
1.7042395
1.0559499
1.3134181
0.98814666
1.2349092
1.5977863
0.88902855
1.5971482
1.1225511
0.953971
1.066454
1.1189711
1.3289521
1.3577095
1.5644069
1.6626616
0.9811858
1.0842755
1.2400476
1.4532838
1.1987187
1.1210893
1.2235987
1.2012844
1.0906763
1.7114209
0.6996861
1.4146504
1.791068
1.7945448
1.1960791
1.6159712
1.2235886
1.40369
1.4364015
0.7093668
0.9012613
0.7959759
1.2407231
1.2972974
1.5693831
1.3153595
0.9982947
1.4543439
1.4496225
1.7900897
1.4497751
1.2504729
0.90568626
1.2613465
1.5615159
1.6706583
1.2750434
1.7056384
1.4374137
1.8931903
1.3043364
1.1519138
1.36964
2.003215
0.987213
1.0770466
1.6608149
1.6040074
1.2553421
1.1647283
1.1923693
1.4003501
1.4812989
1.2711627
0.8143295
1.2734023
1.284461
1.034542
1.1011797
1.7247368
1.1424906
1.9134923
1.4379164
1.5209213
1.3722662
0.8526571
0.87142074
1.4498947
0.6996861
1.543306
1.7714485
1.3497583
1.6779066
1.5190116
1.4612781
1.2672325
0.9125719
1.3705105
0.91561115
1.7127326
1.3645405
1.0037804
0.9683815
1.0189962
0.74684465
0.90191793
1.2693778
1.1076112
1.1423709
1.0108634
1.8668202
1.3282027
1.1210084
1.8366181
1.5153391
2.3046546
1.4040325
1.3813865
1.5583744
0.95894635
1.0194023
2.285039
1.1635375
2.0133867
1.7624737
1.5754658
1.6155729
1.9914994
0.895741
1.2211651
1.2773216
0.7272208
1.1615063
1.5948869
1.2803954
1.3467795
1.1946057
1.7915925
1.3073938
1.2593495
1.3403636
1.1228335
0.8416171
1.2465044
1.2193024
1.3434259
1.0852904
1.451962
1.3034037
1.1576087
0.891461
1.6608437
1.0454516
0.6996861
1.1549015
1.8478768
1.322805
1.3760606
1.1827296
1.5047973
1.3362442
1.1020617
0.86174214
0.8007957
1.4274658
1.331428
1.9322835
1.2165148
1.7445732
2.295888
1.275979
1.1206502
0.6996861
1.0511624
1.3968762
1.2334074
0.80710244
0.82609236
1.7584375
1.3320997
1.1853168
1.3866171
1.7044492
1.6270806
1.3471736
0.739622
1.4190648
1.7982193
0.91700435
1.1579516
0.8886633
1.3436135
1.2805234
1.8695004
1.1256341
1.124487
1.0984751
1.3975194
1.4521624
0.7964344
0.9042169
1.5845507
1.3421209
1.4083828
0.92634726
1.1088282
0.9060854
1.1793927
1.8886511
1.3389052
1.4766737
1.2925017
1.2575842
1.151371
1.4223874
0.7649242
0.6996861
1.3485241
1.7735972
1.387327
1.04095
1.5919813
1.2490567
0.9722425
1.2261654
0.9528887
1.0535674
1.4792283
1.1688923
1.5259643
1.2612866
1.798272
1.4652847
1.0091586
1.3645601
0.8341279
1.2038903
1.0620854
1.137603
1.6634744
1.1018971
1.6858147
1.0426074
1.2245277
0.79884124
1.383428
0.78246987
1.5706233
0.6996861
1.0010298
1.1568458
1.280571
1.092185
1.0639228
1.7734244
1.3335421
1.548616
1.6575142
1.1166228
0.84038675
0.88247526
0.90934694
1.7070872
1.5477482
1.8307
0.8402418
1.6595905
1.2473297
1.4194783
1.1761714
1.1222161
1.2799547
2.177656
0.9352616
1.5029917
1.0745978
1.2831488
1.6099876
1.4923162
1.5521995
1.1859593
1.3138711
1.9641268
1.4643952
1.6002058
1.6311275
1.2411125
1.0419185
1.1405858
0.95887196
1.558044
0.7625625
1.0340544
1.3293308
1.1996952
1.211082
1.542022
1.0767722
1.4021018
0.9618119
0.6996861
1.1376961
1.1426971
2.1431239
1.3214078
1.7981678
1.7070893
0.96091175
1.1200324
1.1655763
1.1851866
0.8704934
0.6996861
0.6996861
1.3966929
1.325492
0.97832334
1.1151758
1.3513441
1.4838705
1.2625049
1.5410587
0.9359673
1.3283181
1.2171268
1.4890872
1.4431508
1.1143786
1.657766
0.8830694
0.89621735
1.8887163
1.75444
1.2175038
1.119679
0.91481984
1.0438893
1.0255452
0.9876901
1.1906737
1.2894491
1.5608845
1.9811566
0.8940114
1.599775
0.7592734
1.3736755
1.2869335
1.0396614
1.1613686
0.8758342
1.233818
1.2426021
0.9945532
0.8303933
1.2630079
1.4318951
1.5638919
1.5293651
1.4729092
1.2576672
1.0912278
1.4178759
0.82119966
0.90554464
1.3300184
0.6996861
1.0815411
1.2412562
1.213224
1.1460496
1.3024341
1.0791373
0.89689696
1.3907498
1.3590629
2.4705966
1.8880246
1.3758422
1.8945647
0.6996861
1.3223895
1.1145295
1.4152613
1.2161771
1.0771308
1.8975469
1.4168557
1.6262381
0.8312086
0.74258155
1.1408662
1.2150389
0.9757676
1.1982936
1.4298574
1.4781439
0.8195205
1.1404896
1.5738999
1.4609795
1.1311038
1.9432117
0.9323863
0.99132395
1.4760872
1.4997758
0.808148
1.3484573
1.1053445
1.0924685
1.0190988
0.9608462
0.9652436
1.6060327
1.0364846
0.8202667
1.7699252
1.5538784
0.88076425
1.3510066
0.99003875
1.177328
1.6677805
1.0127559
0.80655897
1.731645
1.0861613
1.1817616
1.475196
1.7497996
2.1928022
2.3164
1.5208071
1.441692
1.6973035
0.9150301
1.275708
0.9745747
0.7972312
1.729995
1.4106395
1.1028191
1.4352251
0.9023737
0.93795335
0.7355145
1.0345677
1.6665109
0.6996861
0.93833554
1.3668102
1.2493794
0.7241934
1.4299324
1.5765628
0.9159508
1.296527
1.0145676
1.0895902
1.0870293
0.9362099
1.4078077
1.2159442
1.2751695
1.3394785
1.6816205
0.8870803
1.3281078
1.1135792
1.085401
1.0984291
0.9029813
1.2863069
1.796471
1.1018767
1.1932884
1.1911104
1.3071421
1.1268255
1.0951091
1.0849574
1.4762526
1.3096989
1.0796938
1.326425
1.0843618
1.1713072
1.6295506
0.7490759
1.0881621
1.7002231
1.7316669
2.1363611
2.034582
1.5161651
1.5279268
1.3354475
1.0493602
1.0237846
1.3249606
1.0675913
1.4303418
1.4528741
1.4929767
1.0660499
1.3039216
2.19323
0.7137046
1.6768819
0.6996861
1.7440771
1.045836
1.3105422
0.89630926
1.174321
1.136029
1.0831776
1.752437
0.8044543
0.9374057
1.5723716
1.0280014
1.3780082
0.8849884
1.252661
1.7956492
1.6032566
1.2950996
1.4706151
0.94796634
1.0706575
0.97658587
1.324794
1.7759795
0.8595247
1.6857204
1.1647779
1.4725474
1.432541
1.1902174
1.3794196
0.7952043
1.5900162
0.7928174
0.8163556
1.3495928
1.6606735
0.99487805
1.5805668
1.5958593
2.313975
1.2414447
1.3742384
1.2113746
1.6286211
1.1035548
1.5481915
1.2552025
1.5204827
0.96626616
1.5497992
1.2462647
1.6584517
1.428501
0.7948477
1.2349904
0.9270967
1.4355546
1.3777947
0.8507632
1.2815253
1.0706884
0.95563173
1.4400011
2.1660075
1.6338638
1.6180754
0.9114344
1.0866975
0.84672666
1.2777178
1.2842761
0.8962629
1.0400784
1.1013438
1.1897594
1.251917
0.90550065
1.3810321
0.9944036
0.9931681
1.1486546
0.99451125
1.177375
0.8066187
1.6511668
1.4135128
1.7723473
1.0783681
1.8653104
1.2172111
0.8767791
1.8666455
0.94038737
1.3708832
1.1838467
1.4022974
1.172963
1.6539607
1.1017919
1.3737156
1.5252839
0.909459
1.8069339
0.6996861
0.87677646
0.846272
1.4583699
1.5433096
1.4897295
2.8563354
1.1611203
0.9658278
1.3505388
0.82829297
1.8035024
1.7657849
1.360331
1.575604
1.1177347
1.3909243
1.1231767
0.6996861
1.9073927
1.0131677
0.9411367
1.7315004
1.0471921
1.1919098
1.3032165
1.4206024
1.1318703
1.4820564
1.7790228
1.5668216
1.4027306
1.371518
1.1434844
1.1205025
0.9382248
1.3291944
1.2802119
0.9419676
1.2897085
1.1951145
1.6700863
0.87713647
1.4510348
1.047732
0.87480557
1.5948949
1.3738991
1.4001054
1.2864302
0.8906071
0.9926133
1.3954086
1.6580921
1.3098298
1.2224842
1.052926
1.0627651
1.288603
1.8083348
1.6950617
1.4281582
1.1795498
1.1451763
1.5665913
1.3010722
0.90913045
1.2574034
0.9096761
1.1922511
0.795882
1.2684703
1.1447744
1.01821
1.8062105
1.0278372
1.3781754
1.4272835
1.333913
1.2206708
0.97001886
0.91543555
1.3085109
1.1934611
1.4786439
1.3120965
1.7286454
1.6600934
1.4260501
1.3796071
1.1865138
1.7025583
1.3669665
1.4202975
0.8504143
0.86269
1.97873
1.0857468
1.5959574
1.0930204
1.252419
1.5767522
1.5506346
0.9560145
1.6152474
1.3090575
1.4873227
1.3730489
1.0931511
1.0703595
1.394261
1.4187721
1.6994772
1.1905608
1.970539
0.84926665
1.4041613
0.91683745
1.4563477
1.7539259
1.2090858
1.5256258
0.9204426
1.5904063
1.058682
1.3541106
0.81928825
1.4032481
1.6571704
1.6116701
1.201437
1.0100901
0.8240185
0.9949527
1.0787373
1.5519668
1.1291631
1.1976562
1.0302722
1.2982475
0.8394791
0.70585203
0.99390817
1.2974948
1.2833335
0.94340587
1.3195372
1.3320282
1.1035607
1.0332586
1.2410254
1.3986958
1.2422789
1.880683
1.1419039
1.2945211
1.5531992
1.1000493
1.3302515
1.3537444
1.0504144
1.0426252
0.9350213
1.3812627
1.9210318
0.95908344
1.1344593
0.6996861
1.2825116
0.96721625
0.8350159
1.1783388
1.1928005
1.6171137
1.4040157
0.9322126
0.87983155
2.3306549
1.2642251
0.77398515
1.5106455
1.0312266
1.2480801
1.2738999
1.804634
0.9951167
1.4880826
1.0764538
1.3131655
1.6193637
1.7513435
1.0417844
1.5033493
1.1987283
1.221512
1.1288015
0.7677778
2.121305
1.5030731
1.1770076
1.1940407
1.097317
1.5933489
0.9666399
1.1696974
1.4410869
0.97724116
0.9612969
2.0112753
0.9566977
1.054373
1.2377281
1.3813767
1.486584
1.1902348
1.2136912
1.2473261
1.9135934
1.5077869
0.6996861
1.199757
1.034273
1.1580586
1.9264458
